REGISTER.

11111111111111 1111311113 45.
Δ11 111 1111113111 111 11111 111111
109.
11111, 111, 111111311111 106. 191.
1311111111111111111, 111, 37. 119.
11Ιά11111111, 111111. 111, 79.-
Allium, 11111 1111111111 97.
1111111113, 3111 0111111131, 177.
1111113111, 11111111, 17. 57.
1113111111, deren 1111111111 194.
13111111111111111111 156. 166.
Aquilo, 01131, 737. 736. 740.
1111111, 1111111111 1111111111 10.
Α1111111,3111111111111111 747.
1111111111, 1111 6111111111.
1131111311, 111111 31111 11111111
111111 143 1111111111111 7511111
1111111311111 11111 91.
Β11111111 67.
Β1111111111111111111111 771. 777.
1311113111 1116311111 107110.
3111111111, Ρ111., 111111111111111111
37.
3111111111111 11 11311113, 56.
1111311111, Hieronym. 9. 717. 717.
31111111131111111113, 9111111131,
0111111, 11. 93. 119. 163. “
11111, 0111111111, 116.
Bouron (311111), 1111111, 11.
3111, 0111111111311111133. 163.
911111111113, 1111111777. 776.
31111111113, 111111 von, 14. 1617.
140. 719. 1111111616. 19. 70.
191. «1111111145.
31111111131111111. 111, 19. 111111
· 69161. 3111111160.

16111111 61. .
111111, 11., 76. 714. 715.

17111111, 11., 15. 16. 31. 66. 71.
31311113111111, 11111111 7.
1113, 361311 111 111, 31111111111 6.
713. 773. ’
cosor, 111111, 111. 111.
0111111111, Claud.. 31. .
01311111 111 11111111111111111111
1111 11311113 31111111 98.
(1111111111 (1111111111), 1111111111,
5. 70. 79. (71111. ll. p. 199.)
(1111111111, 111, 61. ·
0611(111111111111111111.) 6. 11. 16.

66. 106. 107. 117. 111. 133. 137.
152. 153.

colloquium 11 1131111113 59. 146.
147.

01111111, 1111, 111111111111 49.

9111111, 11111111111111, 1116111111
1111111 90.

(1111111113, Hm. von, 11.

1711111311, Franz von, 16. 777.

0113113111, 111 3111111131111111
111. 111. ‘

1111111111, 011111131111, 6.

17111111, mllrtyrer 10.

Dom 11 11311113,311111111 dorin 99.

Draco, 111, 111. 111. 111. 111. 111.
779. 737. 734. 739. 740. 747.

1111111111, Ρ111. 111, 7. 17.

111111, Η111., 6. 711,

11111 von 1111111111, 1111, 3131111111
1111111111176. = ¹

1311111, 3111111. 111.
1711 111 31111111111776.

 

