1161611 1116116161161166 nm 1111636
11611366661666 125.

11666116, (1166161116 61666165.
1166611661, 31661361 16 46361613 46.
46. 64. 90. 91. 96. 109. 191. 195.

1116611, 11666661, 18.

Linde, 116161.,11611161 61111161, 61161.
(11111116 6661116161666613666661
666 1161116116 16661666166116111 an
66111611. 1611111. ΙΙ, 195.)

ι 116361 (von 116316), 66613, 16.

1611161, 6166 66 1161 161666116161-
3111663903. ’

1161661116, 14. 37 666 01161.

116111, 6111166161 von, 79.

116161, 06613, 8.

1161666616 7. 18. 146.

1166616111, 416611, 3111 von, 36. 176.

116666611616, 31166111616, von 06116
111611 16365613 gebracht 199.

11616116 elector, 6. 6116666163, 16-
achim.

Μ6136616,1)1., 13. 14. 15. 17. 60.

Martyr, Petu, 66.

116616111166 1. 6616 11611163611661166
105.

116111611166, 611161163, 15. 17. 77. 157.

116166611166, Ρ1., 7. 18666 61161.

1161611161, 6661116136 1611616663 666-
selben 140.

11161661, suffragan von 111161 109104.
105.

,1111611163,16., 6611116165. 19 666 61-
1611 1666116636165. 7. 14. 161666,
166661666161 9. (131. 1616111366
Π, 196.)

1166616. 6316111611 661116 906.

116166 16 46311613 56. 80. 81. 91.

1111111161. 61616111661 6611 truppen
16166163616113 von 161666 6161166
86. .

1111666166, 116113, 616613611611636-
burg 19. 95. 61. 39. 34. 69. 45. 50.
54. 61. 67. 78. 81. 86. 94. 106106.

“ 105117. 195. 160.140.148. 160.

1

166. 176. 177. 162. must 4113111613
6611111611 195 ff. 916. 222.

11661161, 116116616616 97.

1116666 (1111166566), 1111161111 666,
6. 11. 14. 16. 16. 16. 41. 61. 61. 141..
166. 184. 194. 197. 196.

1116666, Philipp, 91. 98. 124.

1111616 (6661111616),.1ο1., 65.

11611166 sperans (Η6666), Η61111.666
Joh., 56166 16 11611666 61666166
(1111611366 11, 196) 5. 19 666 61161.

1111161613 6. 66666111161 666611 909.

01616161361, Ρ611., 97 666 01161.

0611666, 661111, 66.

061166617.11666116616 951 ff.

61116366, 3111 116113. 666, 191.

0116,61111611611616616 16361613 (616
061661),6616661666611611611616149.
49.

Ρ6161. ’11111 Ρ11161 6116 Ρ11661111 ab,
66161661166163663,66111616616166
36616166616 1161166 19.

Ρ666116111,1166161666161116611611· ·
6661166119.

Ρ1366 6661116616 61. 666 6111166166
6660616152.

1636616161, 16161161166111120. 18811.
197.

11616166116656.

Ρ1611-Β616111,011Η6161161166,10191.

Ρ11111111361,6661611110161116116646197.

1116311, sul„ 74. 160.

Philippus, hofprediger 16 11661616 6.

Pomm, herzog Philipp von, 911.

1166131666161666 evangelii 16 con·
stantinopol 36.

Ρ161661 666163616161616 56. 61666 16·
6616116166116166 86. 6166616161·
3661161161661611616 49. 61666 6161-

666 96. 6661661611101. 61666661- ¹

6166 171. 61116636166666161116166
196. 611166 61666 991. 61661 16161611-
611 167. 169. von 11161616 156.
161. 166. 165. 61666 6163616 249.

6611663111 66 616111646365613 16.

 

